score[1]=7
score[2]=8
score[3]=10
score[4]=10
score[5]=9
score[6]=10
score[7]=10
score[8]=10
score[9]=9
time=429.51
time[1]=1.02
time[2]=0.636250000002
time[3]=0.790999999998
time[4]=0.690999999997
time[5]=0.727777777774
time[6]=0.658999999997
time[7]=0.833999999997
time[8]=0.746999999997
time[9]=0.914444444441
